# Camera list with one line of data per camera:
#   CAMERA_ID, MODEL, WIDTH, HEIGHT, PARAMS[]
# Number of cameras: 1
0 PINHOLE 4014 6014 7387.075968635287 7387.075968635287 2007.0 3007.0
1 PINHOLE 4014 6014 7387.075968635287 7387.075968635287 2007.0 3007.0
2 PINHOLE 4014 6014 7387.075968635287 7387.075968635287 2007.0 3007.0
3 PINHOLE 4014 6014 7387.075968635287 7387.075968635287 2007.0 3007.0
4 PINHOLE 4014 6014 7387.075968635287 7387.075968635287 2007.0 3007.0
5 PINHOLE 4014 6014 7387.075968635287 7387.075968635287 2007.0 3007.0
6 PINHOLE 4014 6014 7387.075968635287 7387.075968635287 2007.0 3007.0
7 PINHOLE 4014 6014 7387.075968635287 7387.075968635287 2007.0 3007.0
8 PINHOLE 4014 6014 7387.075968635287 7387.075968635287 2007.0 3007.0
9 PINHOLE 4014 6014 7387.075968635287 7387.075968635287 2007.0 3007.0
10 PINHOLE 4014 6014 7387.075968635287 7387.075968635287 2007.0 3007.0
11 PINHOLE 4014 6014 7387.075968635287 7387.075968635287 2007.0 3007.0
12 PINHOLE 4014 6014 7387.075968635287 7387.075968635287 2007.0 3007.0
13 PINHOLE 4014 6014 7387.075968635287 7387.075968635287 2007.0 3007.0
14 PINHOLE 4014 6014 7387.075968635287 7387.075968635287 2007.0 3007.0
15 PINHOLE 4014 6014 7387.075968635287 7387.075968635287 2007.0 3007.0
16 PINHOLE 4014 6014 7387.075968635287 7387.075968635287 2007.0 3007.0
17 PINHOLE 4014 6014 7387.075968635287 7387.075968635287 2007.0 3007.0
18 PINHOLE 4014 6014 7387.075968635287 7387.075968635287 2007.0 3007.0
19 PINHOLE 4014 6014 7387.075968635287 7387.075968635287 2007.0 3007.0
20 PINHOLE 4014 6014 7387.075968635287 7387.075968635287 2007.0 3007.0
21 PINHOLE 4014 6014 7387.075968635287 7387.075968635287 2007.0 3007.0
22 PINHOLE 4014 6014 7387.075968635287 7387.075968635287 2007.0 3007.0
23 PINHOLE 4014 6014 7387.075968635287 7387.075968635287 2007.0 3007.0
24 PINHOLE 4014 6014 7387.075968635287 7387.075968635287 2007.0 3007.0
25 PINHOLE 4014 6014 7387.075968635287 7387.075968635287 2007.0 3007.0
26 PINHOLE 4014 6014 7387.075968635287 7387.075968635287 2007.0 3007.0
27 PINHOLE 4014 6014 7387.075968635287 7387.075968635287 2007.0 3007.0
28 PINHOLE 4014 6014 7387.075968635287 7387.075968635287 2007.0 3007.0
29 PINHOLE 4014 6014 7387.075968635287 7387.075968635287 2007.0 3007.0
30 PINHOLE 4014 6014 7387.075968635287 7387.075968635287 2007.0 3007.0



